00000111110000000000000000001010
00001100000000000000000000000010
00101100001111100000000000000000
00000100010000000000000000000000
00000000001000100000000000000000
00110000001111100000000000000000
00101100011111100000000000000000
00000100100000000000000000001010
00101000011001000000000000010111
00101100110111100000000000000000
00101100111001100000000000000000
00101101000111100000000000000000
00000101001000000000000000000001
00000001010010000100100000000000
00000000111010100000000000000000
00110000111001100000000000000000
00101101011111100000000000000000
00101101100111100000000000000000
00000101101000000000000000000001
00000001110011000110100000000000
00000001011011100000000000000000
00110001011111100000000000000000
00001100000000000000000000000110
00101101111111100000000000000000
00000110000000000000000000000000
00000001111100000000000000000000
00110001111111100000000000000000
00101110001111100000000000000000
00000110010000000000000000001010
00101010001100100000000000101010
00101110100111100000000000000000
00101110101101000000000000000000
00000011001101010000000000000000
00111011001000000000000000000000
00101110111111100000000000000000
00101111000111100000000000000000
00000100001000000000000000000001
00000000010110000000100000000000
00000010111000100000000000000000
00000010100101001111000000000000
00110010111101000000000000000000
00001100000000000000000000011011
01000100000000000000000000000000
