00000111110000000000000000001010
00001100000000000000000001110110
00110011001111100000000000000000
00110011010111100000000000000001
00110011011111100000000000000010
00101100001111100000000000000101
00101100010111100000000000000001
00000000001000100000000000000000
00110000001111100000000000000101
00101100011111100000000000000100
00101100100111100000000000000001
00101100101111100000000000000000
00000000101001010010000000000000
00101100101001010000000000000000
00000000011001010000000000000000
00110000011111100000000000000100
00101100110111100000000000000011
00101100111111100000000000000001
00000101000000000000000000000001
00000001001001110100000000000000
00000000110010010000000000000000
00110000110111100000000000000011
00101101010111100000000000000011
00101101011111100000000000000010
00101001010010110000000000110001
00101101101111100000000000000011
00101101110111100000000000000000
00000001110011100110100000000000
00101101110011100000000000000000
00101101111111100000000000000100
00101001110011110000000000101010
00101110001111100000000000000100
00101110010111100000000000000011
00101110011111100000000000000000
00000010011100111001000000000000
00101110011100110000000000000000
00000010001100110000000000000000
00110010001111100000000000000100
00101110100111100000000000000101
00101110101111100000000000000011
00000010100101010000000000000000
00110010100111100000000000000101
00101110110111100000000000000011
00101110111111100000000000000011
00000111000000000000000000000001
00000000001101111100000000000000
00000010110000010000000000000000
00110010110111100000000000000011
00001100000000000000000000010110
00101100010111100000000000000101
00000011101000100000000000000000
00010011111000000000000000000000
00010011111000000000000000000000
00110011001111100000000000000000
00110011010111100000000000000001
00110011011111100000000000000010
00101100011111100000000000000011
00101100100111100000000000000001
00000000011001000000000000000000
00110000011111100000000000000011
00101100101111100000000000000011
00101100110111100000000000000010
00000100111000000000000000000001
00000001000001100011100000000001
00101000101010000000000001110101
00101101010111100000000000000100
00101101011111100000000000000000
00000011001010110000000000000000
00101101100111100000000000000011
00000011010011000000000000000000
00101101101111100000000000000010
00000011011011010000000000000000
00110001010111100000000000000110
00110011111111100000000000000111
00000111110111100000000000001000
00110100000000000000000000000010
00001011110111100000000000001000
00101111111111100000000000000111
00101101010111100000000000000110
00000001110111010000000000000000
00000001010011100000000000000000
00110001010111100000000000000100
00101101111111100000000000000101
00101110000111100000000000000100
00101110001111100000000000000000
00000010001100011000000000000000
00101110001100010000000000000000
00000001111100010000000000000000
00110001111111100000000000000101
00101110010111100000000000000100
00101110011111100000000000000000
00000010011100111001000000000000
00101110011100110000000000000000
00101110100111100000000000000011
00101110101111100000000000000000
00000010101101011010000000000000
00101110101101010000000000000000
00000010011101010000000000000000
00101111100111100000000000000000
00000011100111001010000000000000
00110010011111000000000000000000
00101110110111100000000000000011
00101110111111100000000000000000
00000010111101111011000000000000
00101110111101110000000000000000
00101111000111100000000000000101
00000010111110000000000000000000
00101111100111100000000000000000
00000011100111001011000000000000
00110010111111000000000000000000
00101100001111100000000000000011
00101100010111100000000000000011
00000100011000000000000000000001
00000000100000100001100000000000
00000000001001000000000000000000
00110000001111100000000000000011
00001100000000000000000000111100
00010011111000000000000000000000
00101100101111100000000000000000
00000100110000000000000000000000
00000000101001100000000000000000
00110000101111100000000000000000
00101100111111100000000000000000
00000101000000000000000000001010
00101000111010000000000010001001
00101101010111100000000000000000
00101101011010100000000000000000
00111101100011000110000000000000
00000001011011000000000000000000
00110001011010100000000000000000
00101101101111100000000000000000
00101101110111100000000000000000
00000101111000000000000000000001
00000010000011100111100000000000
00000001101100000000000000000000
00110001101111100000000000000000
00001100000000000000000001111010
00101110001000000000000000000000
00000011001100010000000000000000
00000110010000000000000000000000
00000011010100100000000000000000
00000110011000000000000000001010
00000011011100110000000000000000
00000111110111100000000000000001
00110100000000000000000000110101
00001011110111100000000000000001
00101110101111100000000000000000
00000110110000000000000000000000
00000010101101100000000000000000
00110010101111100000000000000000
00101110111111100000000000000000
00000111000000000000000000001010
00101010111110000000000010100100
00101100010111100000000000000000
00101100011000100000000000000000
00000011001000110000000000000000
00111011001000000000000000000000
00101100101111100000000000000000
00101100110111100000000000000000
00000100111000000000000000000001
00000001000001100011100000000000
00000000101010000000000000000000
00110000101111100000000000000000
00001100000000000000000010010110
01000100000000000000000000000000
